     1        0   129600   0.000
     2    14680   129605   0.010
     3    29359   129981   0.020
     4    44038   130586   0.030
     5    58717   130586   0.040
     6    73396   130586   0.050
     7    88075   133467   0.060
     8   102754   133468   0.070
     9   117433   134069   0.080
    10   132112   134671   0.090
    11   146791   134671   0.100
    12   161470   134673   0.110
    13   176149   137915   0.120
    14   190828   137935   0.130
    15   205507   138540   0.140
    16   220186   139141   0.150
    17   234865   139141   0.160
    18   249544   141476   0.170
    19   264223   142075   0.180
    20   278902   142675   0.190
    21   293581   142675   0.200
    22   308260   144961   0.210
    23   322939   145573   0.220
    24   337618   146188   0.230
    25   352297   146197   0.240
    26   366976   146199   0.250
    27   381655   149454   0.260
    28   396334   150053   0.270
    29   411013   150053   0.280
    30   425692   150653   0.290
    31   440371   150654   0.300
    32   455050   151256   0.310
    33   469729   154174   0.320
    34   484408   154783   0.330
    35   499087   154795   0.340
    36   513766   155396   0.350
    37   528445   155396   0.360
    38   543124   158824   0.370
    39   557803   158824   0.380
    40   572482   159423   0.390
    41   587161   160023   0.400
    42   601840   162700   0.410
    43   616519   163312   0.420
    44   631198   163325   0.430
    45   645877   163929   0.440
    46   660556   166539   0.450
    47   675235   167138   0.460
    48   689914   167138   0.470
    49   704593   167738   0.480
    50   719272   170022   0.490
    51   733951   170622   0.500
    52   748630   170625   0.510
    53   763309   171237   0.520
    54   777988   173788   0.530
    55   792667   174397   0.540
    56   807346   174400   0.550
    57   822025   175002   0.560
    58   836704   177713   0.570
    59   851383   178315   0.580
    60   866062   178315   0.590
    61   880741   180796   0.600
    62   895420   181399   0.610
    63   910099   181411   0.620
    64   924778   182019   0.630
    65   939457   182029   0.640
    66   954136   182031   0.650
    67   968815   185534   0.660
    68   983494   186135   0.670
    69   998173   186136   0.680
    70  1012852   186738   0.690
    71  1027531   186738   0.700
    72  1042210   187340   0.710
    73  1056889   187353   0.720
    74  1071568   191249   0.730
    75  1086247   191857   0.740
    76  1100926   192458   0.750
    77  1115605   192458   0.760
    78  1130284   195572   0.770
    79  1144963   196172   0.780
    80  1159642   196172   0.790
    81  1174321   196774   0.800
    82  1189000   198822   0.810
    83  1203679   199431   0.820
    84  1218358   200041   0.830
    85  1233037   200049   0.840
    86  1247716   200052   0.850
    87  1262395   200649   0.860
    88  1277074   204492   0.870
    89  1291753   205094   0.880
    90  1306432   205693   0.890
    91  1321111   205693   0.900
    92  1335790   205695   0.910
