 0.000E+00 0.000E+00
 0.316E+12 0.109E+17
 0.631E+12 0.190E+17
 0.947E+12 0.316E+17
 0.126E+13 0.472E+17
 0.158E+13 0.621E+17
 0.189E+13 0.866E+17
 0.221E+13 0.960E+17
 0.252E+13 0.106E+18
 0.284E+13 0.120E+18
 0.316E+13 0.142E+18
 0.347E+13 0.158E+18
 0.379E+13 0.193E+18
 0.410E+13 0.204E+18
 0.442E+13 0.216E+18
 0.473E+13 0.227E+18
 0.505E+13 0.237E+18
 0.537E+13 0.253E+18
 0.568E+13 0.264E+18
 0.600E+13 0.273E+18
 0.631E+13 0.296E+18
 0.663E+13 0.317E+18
 0.694E+13 0.334E+18
 0.726E+13 0.341E+18
 0.757E+13 0.359E+18
 0.789E+13 0.372E+18
 0.821E+13 0.392E+18
 0.852E+13 0.398E+18
 0.884E+13 0.414E+18
 0.915E+13 0.433E+18
 0.947E+13 0.447E+18
 0.978E+13 0.460E+18
 0.101E+14 0.489E+18
 0.104E+14 0.515E+18
 0.107E+14 0.524E+18
 0.110E+14 0.540E+18
 0.114E+14 0.555E+18
 0.117E+14 0.578E+18
 0.120E+14 0.590E+18
 0.123E+14 0.607E+18
 0.126E+14 0.629E+18
 0.129E+14 0.649E+18
 0.133E+14 0.662E+18
 0.136E+14 0.683E+18
 0.139E+14 0.701E+18
 0.142E+14 0.725E+18
 0.145E+14 0.735E+18
 0.148E+14 0.753E+18
 0.151E+14 0.773E+18
 0.155E+14 0.796E+18
 0.158E+14 0.811E+18
 0.161E+14 0.822E+18
 0.164E+14 0.843E+18
 0.167E+14 0.870E+18
 0.170E+14 0.883E+18
 0.174E+14 0.903E+18
 0.177E+14 0.922E+18
 0.180E+14 0.948E+18
 0.183E+14 0.957E+18
 0.186E+14 0.976E+18
 0.189E+14 0.100E+19
 0.193E+14 0.102E+19
 0.196E+14 0.104E+19
 0.199E+14 0.106E+19
 0.202E+14 0.108E+19
 0.205E+14 0.109E+19
 0.208E+14 0.112E+19
 0.211E+14 0.114E+19
 0.215E+14 0.115E+19
 0.218E+14 0.118E+19
 0.221E+14 0.119E+19
 0.224E+14 0.122E+19
 0.227E+14 0.124E+19
 0.230E+14 0.127E+19
 0.234E+14 0.130E+19
 0.237E+14 0.131E+19
 0.240E+14 0.134E+19
 0.243E+14 0.137E+19
 0.246E+14 0.138E+19
 0.249E+14 0.141E+19
 0.252E+14 0.144E+19
 0.256E+14 0.146E+19
 0.259E+14 0.150E+19
 0.262E+14 0.152E+19
 0.265E+14 0.154E+19
 0.268E+14 0.155E+19
 0.271E+14 0.158E+19
 0.275E+14 0.160E+19
 0.278E+14 0.162E+19
 0.281E+14 0.164E+19
 0.284E+14 0.166E+19
 0.287E+14 0.167E+19
