      1000   0.001 -0.612E+12 -0.610E+12
      2000   0.001 -0.377E+12 -0.430E+12
      3000   0.002 -0.135E+12 -0.187E+12
      4000   0.003 -0.619E+11 -0.942E+11
      5000   0.003  0.324E+11  0.289E+11
      6000   0.004  0.694E+11  0.709E+11
      7000   0.005  0.103E+12  0.944E+11
      8000   0.005  0.117E+12  0.107E+12
      9000   0.006  0.120E+12  0.123E+12
     10000   0.007  0.122E+12  0.138E+12
     11000   0.007  0.130E+12  0.144E+12
     12000   0.008  0.145E+12  0.142E+12
     13000   0.009  0.144E+12  0.145E+12
     14000   0.010  0.147E+12  0.151E+12
     15000   0.010  0.151E+12  0.153E+12
     16000   0.011  0.154E+12  0.151E+12
     17000   0.012 -0.317E+12 -0.319E+12
     18000   0.012 -0.231E+12 -0.217E+12
     19000   0.013 -0.197E+11 -0.190E+10
     20000   0.014  0.279E+11  0.409E+11
     21000   0.014  0.212E+11  0.200E+11
     22000   0.015  0.158E+11  0.891E+10
     23000   0.016  0.814E+10  0.127E+10
     24000   0.016 -0.525E+09  0.128E+10
     25000   0.017 -0.787E+10 -0.895E+09
     26000   0.018 -0.139E+11 -0.641E+10
     27000   0.018 -0.155E+11 -0.121E+11
     28000   0.019 -0.147E+11 -0.190E+11
     29000   0.020 -0.288E+11 -0.291E+11
     30000   0.020 -0.353E+11 -0.291E+11
     31000   0.021 -0.372E+11 -0.324E+11
     32000   0.022 -0.357E+11 -0.397E+11
     33000   0.022 -0.376E+11 -0.457E+11
     34000   0.023 -0.413E+11 -0.520E+11
     35000   0.024 -0.427E+11 -0.503E+11
     36000   0.025 -0.474E+11 -0.503E+11
     37000   0.025 -0.617E+11 -0.536E+11
     38000   0.026 -0.304E+12 -0.301E+12
     39000   0.027 -0.460E+12 -0.465E+12
     40000   0.027 -0.317E+12 -0.321E+12
     41000   0.028 -0.162E+12 -0.156E+12
     42000   0.029 -0.109E+12 -0.998E+11
     43000   0.029 -0.824E+11 -0.788E+11
     44000   0.030 -0.532E+11 -0.572E+11
     45000   0.031 -0.406E+11 -0.446E+11
     46000   0.031 -0.304E+11 -0.300E+11
     47000   0.032 -0.248E+11 -0.219E+11
     48000   0.033 -0.272E+11 -0.214E+11
     49000   0.033 -0.161E+11 -0.108E+11
     50000   0.034 -0.123E+11 -0.105E+11
     51000   0.035 -0.920E+10 -0.960E+10
     52000   0.035 -0.702E+10 -0.930E+10
     53000   0.036 -0.683E+10 -0.799E+10
     54000   0.037 -0.541E+10 -0.483E+10
     55000   0.037 -0.549E+10 -0.347E+10
     56000   0.038 -0.728E+10 -0.350E+10
     57000   0.039 -0.709E+10 -0.185E+10
     58000   0.040 -0.635E+10 -0.360E+10
     59000   0.040 -0.564E+10 -0.354E+10
     60000   0.041 -0.585E+10 -0.567E+10
     61000   0.042 -0.628E+10 -0.505E+10
     62000   0.042 -0.716E+10 -0.550E+10
     63000   0.043 -0.741E+10 -0.458E+10
     64000   0.044 -0.961E+10 -0.458E+10
     65000   0.044 -0.101E+11 -0.552E+10
     66000   0.045 -0.126E+11 -0.775E+10
     67000   0.046 -0.128E+11 -0.857E+10
     68000   0.046 -0.143E+11 -0.905E+10
     69000   0.047 -0.169E+11 -0.113E+11
     70000   0.048 -0.163E+11 -0.123E+11
     71000   0.048 -0.172E+11 -0.127E+11
     72000   0.049 -0.130E+11 -0.984E+10
     73000   0.050 -0.188E+11 -0.146E+11
     74000   0.050 -0.143E+11 -0.136E+11
     75000   0.051 -0.337E+11 -0.389E+11
     76000   0.052 -0.362E+12 -0.359E+12
     77000   0.052 -0.497E+12 -0.491E+12
     78000   0.053 -0.457E+12 -0.458E+12
     79000   0.054 -0.424E+12 -0.419E+12
     80000   0.055 -0.334E+12 -0.328E+12
     81000   0.055 -0.213E+12 -0.208E+12
     82000   0.056 -0.105E+12 -0.105E+12
     83000   0.057 -0.511E+11 -0.533E+11
     84000   0.057 -0.103E+11 -0.165E+11
     85000   0.058  0.126E+11 -0.322E+09
     86000   0.059  0.146E+11  0.721E+09
     87000   0.059  0.118E+11  0.214E+10
     88000   0.060 -0.184E+11 -0.272E+11
     89000   0.061 -0.495E+12 -0.500E+12
     90000   0.061 -0.489E+12 -0.505E+12
     91000   0.062 -0.262E+12 -0.315E+12
     92000   0.063 -0.464E+11 -0.584E+11
     93000   0.063 -0.565E+11 -0.886E+10
     94000   0.064 -0.650E+11 -0.598E+10
     95000   0.065 -0.321E+11  0.105E+11
     96000   0.065  0.107E+11  0.781E+10
     97000   0.066  0.391E+11  0.431E+10
     98000   0.067  0.444E+11  0.500E+10
     99000   0.067  0.350E+11  0.936E+10
    100000   0.068  0.216E+11  0.107E+11
    101000   0.069  0.171E+11  0.191E+11
    102000   0.069  0.141E+11  0.186E+11
    103000   0.070  0.164E+11  0.210E+11
    104000   0.071  0.207E+11  0.198E+11
    105000   0.072  0.840E+10  0.127E+10
    106000   0.072 -0.377E+12 -0.379E+12
    107000   0.073 -0.545E+12 -0.532E+12
    108000   0.074 -0.390E+12 -0.358E+12
    109000   0.074 -0.270E+12 -0.245E+12
    110000   0.075 -0.126E+12 -0.114E+12
    111000   0.076 -0.815E+11 -0.812E+11
    112000   0.076 -0.870E+11 -0.920E+11
    113000   0.077 -0.649E+11 -0.659E+11
    114000   0.078 -0.648E+11 -0.664E+11
    115000   0.078 -0.561E+11 -0.467E+11
    116000   0.079 -0.722E+11 -0.489E+11
    117000   0.080 -0.639E+11 -0.385E+11
    118000   0.080 -0.722E+11 -0.429E+11
    119000   0.081 -0.622E+11 -0.406E+11
    120000   0.082 -0.591E+11 -0.433E+11
    121000   0.082 -0.571E+11 -0.427E+11
    122000   0.083 -0.538E+11 -0.462E+11
    123000   0.084 -0.513E+11 -0.490E+11
    124000   0.084 -0.514E+11 -0.488E+11
    125000   0.085 -0.478E+11 -0.514E+11
    126000   0.086 -0.494E+11 -0.496E+11
    127000   0.087 -0.513E+11 -0.481E+11
    128000   0.087 -0.522E+11 -0.473E+11
    129000   0.088 -0.617E+11 -0.647E+11
    130000   0.089 -0.431E+12 -0.455E+12
    131000   0.089 -0.466E+12 -0.483E+12
    132000   0.090 -0.437E+12 -0.436E+12
    133000   0.091 -0.390E+12 -0.362E+12
    134000   0.091 -0.280E+12 -0.253E+12
    135000   0.092 -0.127E+12 -0.102E+12
    136000   0.093 -0.585E+11 -0.491E+11
    137000   0.093 -0.175E+11 -0.222E+11
    138000   0.094  0.184E+11 -0.138E+11
    139000   0.095  0.330E+11 -0.152E+10
    140000   0.095  0.374E+11  0.788E+10
    141000   0.096  0.358E+11  0.150E+11
    142000   0.097  0.436E+11  0.285E+11
    143000   0.097  0.469E+11  0.376E+11
    144000   0.098  0.477E+11  0.449E+11
    145000   0.099  0.528E+11  0.520E+11
    146000   0.099  0.545E+11  0.576E+11
    147000   0.100  0.587E+11  0.551E+11
    148000   0.101  0.622E+11  0.568E+11
    149000   0.102  0.655E+11  0.563E+11
    150000   0.102  0.704E+11  0.613E+11
    151000   0.103  0.726E+11  0.634E+11
    152000   0.104  0.730E+11  0.630E+11
    153000   0.104  0.735E+11  0.641E+11
    154000   0.105  0.738E+11  0.534E+11
    155000   0.106  0.724E+11  0.436E+11
    156000   0.106  0.717E+11  0.403E+11
    157000   0.107  0.730E+11  0.415E+11
    158000   0.108  0.700E+11  0.414E+11
    159000   0.108  0.709E+11  0.426E+11
    160000   0.109  0.718E+11  0.473E+11
    161000   0.110  0.735E+11  0.525E+11
    162000   0.110  0.727E+11  0.558E+11
    163000   0.111  0.713E+11  0.585E+11
    164000   0.112  0.670E+11  0.605E+11
    165000   0.112  0.656E+11  0.636E+11
    166000   0.113  0.480E+11  0.483E+11
    167000   0.114  0.442E+11  0.458E+11
    168000   0.114 -0.300E+12 -0.316E+12
    169000   0.115 -0.296E+12 -0.297E+12
    170000   0.116 -0.427E+12 -0.433E+12
    171000   0.116 -0.495E+12 -0.492E+12
    172000   0.117 -0.396E+12 -0.368E+12
    173000   0.118 -0.453E+12 -0.445E+12
    174000   0.119 -0.459E+12 -0.437E+12
    175000   0.119 -0.435E+12 -0.413E+12
    176000   0.120 -0.378E+12 -0.334E+12
    177000   0.121 -0.483E+12 -0.475E+12
    178000   0.121 -0.510E+12 -0.516E+12
    179000   0.122 -0.246E+12 -0.410E+12
    180000   0.123 -0.519E+11 -0.299E+12
    181000   0.123  0.392E+11 -0.142E+12
    182000   0.124  0.560E+11 -0.708E+11
    183000   0.125  0.757E+10 -0.154E+11
    184000   0.125 -0.116E+11  0.652E+11
    185000   0.126  0.116E+11  0.838E+11
    186000   0.127  0.273E+11  0.102E+12
    187000   0.127  0.646E+11  0.955E+11
    188000   0.128  0.101E+12  0.977E+11
    189000   0.129  0.115E+12  0.835E+11
    190000   0.129  0.126E+12  0.821E+11
    191000   0.130  0.121E+12  0.102E+12
    192000   0.131  0.113E+12  0.107E+12
    193000   0.131  0.106E+12  0.125E+12
    194000   0.132 -0.501E+12 -0.489E+12
    195000   0.133 -0.400E+12 -0.409E+12
    196000   0.134 -0.286E+12 -0.284E+12
    197000   0.134 -0.102E+12 -0.111E+12
    198000   0.135 -0.248E+11 -0.760E+10
    199000   0.136  0.269E+11  0.295E+11
    200000   0.136  0.127E+11  0.227E+11
    201000   0.137  0.347E+11  0.492E+11
    202000   0.138  0.395E+11  0.545E+11
    203000   0.138  0.447E+11  0.636E+11
    204000   0.139  0.548E+11  0.690E+11
    205000   0.140  0.448E+11  0.594E+11
    206000   0.140  0.523E+11  0.582E+11
    207000   0.141  0.492E+11  0.518E+11
    208000   0.142  0.454E+11  0.473E+11
    209000   0.142  0.514E+11  0.515E+11
    210000   0.143  0.544E+11  0.554E+11
    211000   0.144  0.507E+11  0.580E+11
    212000   0.144  0.470E+11  0.589E+11
    213000   0.145  0.397E+11  0.572E+11
    214000   0.146  0.351E+11  0.553E+11
    215000   0.146  0.366E+11  0.541E+11
    216000   0.147  0.245E+11  0.307E+11
    217000   0.148 -0.434E+12 -0.421E+12
    218000   0.149 -0.489E+12 -0.491E+12
    219000   0.149 -0.421E+12 -0.422E+12
    220000   0.150 -0.308E+12 -0.310E+12
    221000   0.151 -0.147E+12 -0.131E+12
    222000   0.151 -0.560E+11 -0.345E+11
    223000   0.152 -0.363E+11 -0.384E+11
    224000   0.153 -0.262E+11 -0.394E+11
    225000   0.153 -0.242E+11 -0.389E+11
    226000   0.154 -0.165E+11 -0.385E+11
    227000   0.155 -0.157E+11 -0.372E+11
    228000   0.155 -0.118E+11 -0.256E+11
    229000   0.156 -0.993E+10 -0.179E+11
    230000   0.157 -0.123E+11 -0.153E+11
    231000   0.157 -0.121E+11 -0.142E+11
    232000   0.158 -0.157E+11 -0.156E+11
    233000   0.159 -0.188E+11 -0.218E+11
    234000   0.159 -0.213E+11 -0.304E+11
    235000   0.160 -0.208E+11 -0.351E+11
    236000   0.161 -0.224E+11 -0.405E+11
    237000   0.161 -0.241E+11 -0.460E+11
    238000   0.162 -0.269E+12 -0.258E+12
    239000   0.163 -0.510E+12 -0.510E+12
    240000   0.164 -0.462E+12 -0.495E+12
    241000   0.164 -0.267E+12 -0.339E+12
    242000   0.165 -0.328E+11 -0.122E+12
    243000   0.166  0.200E+11 -0.903E+11
    244000   0.166 -0.302E+10 -0.998E+11
    245000   0.167  0.199E+10 -0.667E+11
    246000   0.168  0.132E+11 -0.953E+10
    247000   0.168  0.194E+11  0.155E+11
    248000   0.169  0.198E+11  0.115E+10
    249000   0.170  0.219E+11  0.613E+10
    250000   0.170  0.271E+11  0.539E+10
    251000   0.171  0.265E+11  0.251E+10
    252000   0.172  0.230E+11  0.106E+10
    253000   0.172  0.185E+11  0.305E+10
    254000   0.173  0.114E+11 -0.437E+08
    255000   0.174 -0.132E+11 -0.186E+11
    256000   0.174 -0.453E+12 -0.449E+12
    257000   0.175 -0.513E+12 -0.510E+12
    258000   0.176 -0.417E+12 -0.407E+12
    259000   0.176 -0.302E+12 -0.328E+12
    260000   0.177 -0.106E+12 -0.134E+12
    261000   0.178 -0.818E+11 -0.999E+11
    262000   0.178 -0.476E+11 -0.751E+11
    263000   0.179 -0.655E+11 -0.715E+11
    264000   0.180 -0.503E+11 -0.499E+11
    265000   0.181 -0.437E+11 -0.364E+11
    266000   0.181 -0.370E+11 -0.298E+11
    267000   0.182 -0.273E+11 -0.238E+11
    268000   0.183 -0.333E+11 -0.346E+11
    269000   0.183 -0.237E+11 -0.253E+11
    270000   0.184 -0.209E+11 -0.281E+11
    271000   0.185 -0.161E+11 -0.254E+11
    272000   0.185 -0.113E+11 -0.184E+11
    273000   0.186 -0.116E+11 -0.151E+11
    274000   0.187 -0.877E+10 -0.112E+11
    275000   0.187 -0.907E+10 -0.828E+10
    276000   0.188 -0.782E+10 -0.648E+10
    277000   0.189 -0.178E+11 -0.176E+11
    278000   0.189 -0.408E+11 -0.383E+11
    279000   0.190 -0.428E+12 -0.427E+12
    280000   0.191 -0.448E+12 -0.447E+12
    281000   0.191 -0.484E+12 -0.492E+12
    282000   0.192 -0.452E+12 -0.444E+12
    283000   0.193 -0.339E+12 -0.353E+12
    284000   0.193 -0.208E+12 -0.226E+12
    285000   0.194 -0.725E+11 -0.869E+11
    286000   0.195 -0.319E+11 -0.344E+11
    287000   0.196  0.255E+10 -0.373E+10
    288000   0.196  0.110E+10  0.103E+11
    289000   0.197  0.520E+10  0.230E+11
    290000   0.198  0.145E+11  0.341E+11
    291000   0.198  0.164E+11  0.335E+11
    292000   0.199  0.179E+11  0.344E+11
    293000   0.200  0.318E+11  0.427E+11
    294000   0.200  0.453E+11  0.448E+11
    295000   0.201  0.520E+11  0.441E+11
    296000   0.202  0.596E+11  0.488E+11
    297000   0.202  0.647E+11  0.530E+11
    298000   0.203  0.637E+11  0.507E+11
    299000   0.204 -0.256E+11 -0.100E+11
    300000   0.204 -0.491E+12 -0.490E+12
    301000   0.205 -0.511E+12 -0.476E+12
    302000   0.206 -0.378E+12 -0.240E+12
    303000   0.206 -0.128E+12 -0.918E+10
    304000   0.207 -0.267E+11  0.106E+12
    305000   0.208 -0.201E+11  0.117E+12
    306000   0.208  0.595E+10  0.107E+12
    307000   0.209  0.745E+11  0.150E+12
    308000   0.210  0.114E+12  0.141E+12
    309000   0.211  0.157E+12  0.105E+12
    310000   0.211  0.180E+12  0.132E+12
    311000   0.212  0.190E+12  0.153E+12
    312000   0.213  0.185E+12  0.176E+12
    313000   0.213  0.176E+12  0.206E+12
    314000   0.214  0.171E+12  0.226E+12
    315000   0.215  0.157E+12  0.215E+12
    316000   0.215 -0.465E+12 -0.466E+12
    317000   0.216 -0.544E+12 -0.553E+12
    318000   0.217 -0.334E+12 -0.402E+12
    319000   0.217 -0.159E+12 -0.243E+12
    320000   0.218  0.383E+11 -0.461E+11
    321000   0.219  0.738E+11  0.214E+11
    322000   0.219  0.366E+11  0.214E+11
    323000   0.220  0.392E+11  0.618E+11
    324000   0.221  0.562E+11  0.814E+11
    325000   0.221  0.713E+11  0.895E+11
    326000   0.222  0.912E+11  0.855E+11
    327000   0.223  0.960E+11  0.674E+11
    328000   0.223  0.951E+11  0.658E+11
    329000   0.224  0.923E+11  0.597E+11
    330000   0.225  0.932E+11  0.658E+11
    331000   0.226  0.836E+11  0.712E+11
    332000   0.226  0.783E+11  0.750E+11
    333000   0.227  0.754E+11  0.776E+11
    334000   0.228  0.726E+11  0.760E+11
    335000   0.228  0.731E+11  0.708E+11
    336000   0.229  0.743E+11  0.653E+11
    337000   0.230  0.549E+11  0.496E+11
    338000   0.230 -0.244E+12 -0.209E+12
    339000   0.231 -0.492E+12 -0.496E+12
    340000   0.232 -0.470E+12 -0.470E+12
    341000   0.232 -0.335E+12 -0.344E+12
    342000   0.233 -0.170E+12 -0.183E+12
    343000   0.234 -0.523E+11 -0.586E+11
    344000   0.234 -0.167E+11 -0.193E+11
    345000   0.235 -0.287E+11 -0.245E+11
    346000   0.236 -0.285E+11 -0.122E+11
    347000   0.236 -0.311E+11 -0.110E+11
    348000   0.237 -0.328E+11 -0.702E+10
    349000   0.238 -0.163E+11  0.495E+09
    350000   0.238 -0.163E+11 -0.632E+09
    351000   0.239 -0.961E+10  0.300E+10
    352000   0.240 -0.953E+10 -0.255E+10
    353000   0.240 -0.118E+11 -0.550E+10
    354000   0.241 -0.104E+11 -0.702E+09
    355000   0.242 -0.155E+11 -0.185E+09
    356000   0.243 -0.228E+11  0.200E+10
    357000   0.243 -0.316E+11 -0.255E+10
    358000   0.244 -0.299E+11  0.458E+09
    359000   0.245 -0.291E+11 -0.390E+10
    360000   0.245 -0.282E+11 -0.788E+10
    361000   0.246 -0.187E+11 -0.505E+10
    362000   0.247 -0.183E+11 -0.975E+10
    363000   0.247 -0.147E+11 -0.101E+11
    364000   0.248 -0.190E+11 -0.110E+11
    365000   0.249 -0.177E+11 -0.109E+11
    366000   0.249 -0.172E+11 -0.934E+10
    367000   0.250 -0.194E+11 -0.900E+10
    368000   0.251 -0.204E+11 -0.752E+10
    369000   0.251 -0.206E+11 -0.592E+10
    370000   0.252 -0.234E+11 -0.642E+10
    371000   0.253 -0.255E+11 -0.993E+10
    372000   0.253 -0.267E+11 -0.133E+11
    373000   0.254 -0.300E+11 -0.173E+11
    374000   0.255 -0.326E+11 -0.240E+11
    375000   0.255 -0.348E+11 -0.302E+11
    376000   0.256 -0.372E+11 -0.339E+11
    377000   0.257 -0.433E+11 -0.404E+11
    378000   0.258 -0.935E+11 -0.863E+11
    379000   0.258 -0.473E+12 -0.480E+12
    380000   0.259 -0.544E+12 -0.555E+12
    381000   0.260 -0.506E+12 -0.394E+12
    382000   0.260 -0.330E+12 -0.179E+12
    383000   0.261 -0.103E+12  0.356E+11
    384000   0.262 -0.677E+11  0.696E+11
    385000   0.262 -0.645E+11  0.157E+11
    386000   0.263 -0.124E+11 -0.137E+11
    387000   0.264  0.408E+11  0.174E+11
    388000   0.264  0.724E+11  0.207E+11
    389000   0.265  0.733E+11  0.477E+11
    390000   0.266  0.618E+11  0.624E+11
    391000   0.266  0.518E+11  0.779E+11
    392000   0.267  0.396E+11  0.881E+11
    393000   0.268  0.376E+11  0.742E+11
    394000   0.268  0.374E+11  0.618E+11
    395000   0.269  0.255E+11  0.253E+11
    396000   0.270 -0.440E+12 -0.428E+12
    397000   0.270 -0.503E+12 -0.512E+12
    398000   0.271 -0.463E+12 -0.455E+12
    399000   0.272 -0.343E+12 -0.308E+12
    400000   0.273 -0.132E+12 -0.969E+11
    401000   0.273 -0.853E+11 -0.642E+11
    402000   0.274 -0.486E+11 -0.471E+11
    403000   0.275 -0.591E+11 -0.811E+11
    404000   0.275 -0.293E+11 -0.583E+11
    405000   0.276 -0.234E+11 -0.412E+11
    406000   0.277 -0.143E+11 -0.263E+11
    407000   0.277 -0.376E+11 -0.271E+11
    408000   0.278 -0.375E+11 -0.211E+11
    409000   0.279 -0.469E+11 -0.288E+11
    410000   0.279 -0.529E+11 -0.314E+11
    411000   0.280 -0.472E+11 -0.416E+11
    412000   0.281 -0.465E+11 -0.461E+11
    413000   0.281 -0.439E+11 -0.467E+11
    414000   0.282 -0.491E+11 -0.490E+11
    415000   0.283 -0.522E+11 -0.481E+11
    416000   0.283 -0.550E+11 -0.493E+11
    417000   0.284 -0.617E+11 -0.490E+11
    418000   0.285 -0.560E+11 -0.448E+11
    419000   0.285 -0.762E+11 -0.612E+11
    420000   0.286 -0.449E+12 -0.451E+12
    421000   0.287 -0.530E+12 -0.535E+12
    422000   0.288 -0.460E+12 -0.473E+12
    423000   0.288 -0.335E+12 -0.349E+12
    424000   0.289 -0.154E+12 -0.178E+12
    425000   0.290 -0.512E+11 -0.652E+11
    426000   0.290 -0.305E+11 -0.447E+11
    427000   0.291 -0.422E+11 -0.449E+11
    428000   0.292 -0.330E+11 -0.303E+11
    429000   0.292 -0.311E+11 -0.248E+11
    430000   0.293 -0.219E+11 -0.157E+11
    431000   0.294 -0.716E+10 -0.739E+10
    432000   0.294 -0.818E+09 -0.486E+10
    433000   0.295  0.752E+10  0.492E+09
    434000   0.296  0.102E+11  0.286E+10
    435000   0.296  0.167E+11  0.968E+10
    436000   0.297  0.193E+11  0.147E+11
    437000   0.298  0.221E+11  0.206E+11
    438000   0.298  0.271E+11  0.280E+11
    439000   0.299  0.301E+11  0.319E+11
    440000   0.300  0.316E+11  0.327E+11
    441000   0.300  0.347E+11  0.338E+11
    442000   0.301  0.375E+11  0.356E+11
    443000   0.302  0.390E+11  0.363E+11
    444000   0.302  0.420E+11  0.378E+11
    445000   0.303  0.417E+11  0.383E+11
    446000   0.304  0.420E+11  0.348E+11
    447000   0.305  0.420E+11  0.312E+11
    448000   0.305  0.410E+11  0.311E+11
    449000   0.306  0.381E+11  0.324E+11
    450000   0.307  0.278E+11  0.345E+11
    451000   0.307  0.189E+11  0.375E+11
    452000   0.308  0.148E+11  0.420E+11
    453000   0.309 -0.303E+10  0.267E+11
    454000   0.309 -0.326E+11 -0.617E+10
    455000   0.310 -0.378E+12 -0.384E+12
    456000   0.311 -0.503E+12 -0.505E+12
    457000   0.311 -0.490E+12 -0.495E+12
    458000   0.312 -0.459E+12 -0.468E+12
    459000   0.313 -0.344E+12 -0.354E+12
    460000   0.313 -0.184E+12 -0.210E+12
    461000   0.314 -0.803E+11 -0.121E+12
    462000   0.315 -0.472E+12 -0.486E+12
    463000   0.315 -0.545E+12 -0.542E+12
    464000   0.316 -0.461E+12 -0.358E+12
    465000   0.317 -0.248E+12 -0.126E+12
    466000   0.317 -0.560E+09  0.882E+11
    467000   0.318  0.216E+11  0.905E+11
    468000   0.319  0.455E+11  0.559E+11
    469000   0.320  0.824E+11  0.616E+11
    470000   0.320  0.121E+12  0.103E+12
    471000   0.321  0.137E+12  0.118E+12
    472000   0.322  0.138E+12  0.143E+12
    473000   0.322  0.136E+12  0.164E+12
    474000   0.323  0.142E+12  0.176E+12
    475000   0.324  0.144E+12  0.181E+12
    476000   0.324  0.160E+12  0.180E+12
    477000   0.325  0.173E+12  0.184E+12
    478000   0.326  0.172E+12  0.175E+12
    479000   0.326 -0.449E+12 -0.454E+12
    480000   0.327 -0.530E+12 -0.533E+12
    481000   0.328 -0.421E+12 -0.329E+12
    482000   0.328 -0.236E+12 -0.123E+12
    483000   0.329 -0.517E+10  0.992E+11
    484000   0.330  0.378E+10  0.114E+12
    485000   0.330 -0.204E+11  0.531E+11
    486000   0.331  0.250E+11  0.549E+11
    487000   0.332  0.763E+11  0.745E+11
    488000   0.332  0.958E+11  0.802E+11
    489000   0.333  0.108E+12  0.906E+11
    490000   0.334  0.848E+11  0.900E+11
    491000   0.335  0.708E+11  0.953E+11
    492000   0.335  0.569E+11  0.972E+11
    493000   0.336  0.579E+11  0.975E+11
    494000   0.337  0.610E+11  0.913E+11
    495000   0.337  0.662E+11  0.819E+11
    496000   0.338  0.688E+11  0.715E+11
    497000   0.339  0.634E+11  0.636E+11
    498000   0.339  0.586E+11  0.628E+11
    499000   0.340  0.513E+11  0.600E+11
    500000   0.341  0.436E+11  0.619E+11
    501000   0.341  0.395E+11  0.624E+11
    502000   0.342  0.344E+11  0.584E+11
    503000   0.343  0.269E+11  0.255E+11
    504000   0.343 -0.502E+12 -0.504E+12
    505000   0.344 -0.490E+12 -0.498E+12
    506000   0.345 -0.347E+12 -0.328E+12
    507000   0.345 -0.154E+12 -0.143E+12
    508000   0.346 -0.324E+11 -0.311E+11
    509000   0.347 -0.329E+10  0.745E+08
    510000   0.347 -0.304E+11 -0.804E+11
    511000   0.348 -0.223E+11 -0.101E+12
    512000   0.349 -0.732E+10 -0.870E+11
    513000   0.349 -0.668E+10 -0.678E+11
    514000   0.350 -0.764E+10 -0.254E+11
    515000   0.351 -0.282E+11 -0.119E+11
    516000   0.352 -0.461E+11 -0.273E+11
    517000   0.352 -0.570E+11 -0.368E+11
    518000   0.353 -0.539E+11 -0.361E+11
    519000   0.354 -0.422E+11 -0.445E+11
    520000   0.354 -0.373E+11 -0.503E+11
    521000   0.355 -0.356E+11 -0.629E+11
    522000   0.356 -0.437E+11 -0.643E+11
    523000   0.356 -0.586E+11 -0.663E+11
    524000   0.357 -0.679E+11 -0.628E+11
    525000   0.358 -0.718E+11 -0.584E+11
    526000   0.358 -0.767E+11 -0.583E+11
    527000   0.359 -0.785E+11 -0.622E+11
    528000   0.360 -0.779E+11 -0.711E+11
    529000   0.360 -0.763E+11 -0.776E+11
    530000   0.361 -0.740E+11 -0.825E+11
    531000   0.362 -0.711E+11 -0.836E+11
    532000   0.362 -0.734E+11 -0.837E+11
    533000   0.363 -0.803E+11 -0.874E+11
    534000   0.364 -0.840E+11 -0.878E+11
    535000   0.364 -0.895E+11 -0.861E+11
    536000   0.365 -0.914E+11 -0.853E+11
    537000   0.366 -0.932E+11 -0.847E+11
    538000   0.367 -0.976E+11 -0.943E+11
    539000   0.367 -0.102E+12 -0.996E+11
    540000   0.368 -0.101E+12 -0.101E+12
    541000   0.369 -0.137E+12 -0.145E+12
    542000   0.369 -0.517E+12 -0.522E+12
    543000   0.370 -0.566E+12 -0.558E+12
    544000   0.371 -0.548E+12 -0.527E+12
    545000   0.371 -0.407E+12 -0.380E+12
    546000   0.372 -0.197E+12 -0.157E+12
    547000   0.373 -0.106E+12 -0.779E+11
    548000   0.373 -0.588E+11 -0.643E+11
    549000   0.374 -0.724E+11 -0.905E+11
    550000   0.375 -0.441E+11 -0.810E+11
    551000   0.375 -0.246E+11 -0.420E+11
    552000   0.376 -0.185E+11 -0.239E+11
    553000   0.377 -0.361E+11 -0.103E+11
    554000   0.377 -0.477E+11 -0.162E+10
    555000   0.378 -0.516E+11 -0.150E+10
    556000   0.379 -0.560E+11 -0.145E+11
    557000   0.379 -0.488E+11 -0.226E+11
    558000   0.380 -0.429E+11 -0.314E+11
    559000   0.381 -0.477E+11 -0.464E+11
    560000   0.382 -0.468E+12 -0.470E+12
    561000   0.382 -0.531E+12 -0.543E+12
    562000   0.383 -0.427E+12 -0.378E+12
    563000   0.384 -0.276E+12 -0.234E+12
    564000   0.384 -0.632E+11 -0.537E+11
    565000   0.385 -0.789E+11 -0.811E+11
    566000   0.386 -0.481E+11 -0.639E+11
    567000   0.386 -0.709E+11 -0.931E+11
    568000   0.387 -0.453E+11 -0.663E+11
    569000   0.388 -0.431E+11 -0.553E+11
    570000   0.388 -0.374E+11 -0.443E+11
    571000   0.389 -0.398E+11 -0.328E+11
    572000   0.390 -0.409E+11 -0.254E+11
    573000   0.390 -0.384E+11 -0.240E+11
    574000   0.391 -0.414E+11 -0.345E+11
    575000   0.392 -0.380E+11 -0.357E+11
    576000   0.392 -0.320E+11 -0.385E+11
    577000   0.393 -0.282E+11 -0.401E+11
    578000   0.394 -0.207E+11 -0.355E+11
    579000   0.394 -0.282E+11 -0.409E+11
    580000   0.395 -0.420E+11 -0.480E+11
    581000   0.396 -0.471E+12 -0.469E+12
    582000   0.397 -0.498E+12 -0.510E+12
    583000   0.397 -0.501E+12 -0.504E+12
    584000   0.398 -0.412E+12 -0.406E+12
    585000   0.399 -0.262E+12 -0.251E+12
    586000   0.399 -0.769E+11 -0.731E+11
    587000   0.400 -0.560E+10 -0.160E+11
    588000   0.401  0.306E+10 -0.723E+10
    589000   0.401  0.907E+10 -0.205E+11
    590000   0.402  0.198E+11 -0.838E+10
    591000   0.403  0.243E+11 -0.985E+09
    592000   0.403  0.286E+11  0.432E+10
    593000   0.404  0.377E+11  0.155E+11
    594000   0.405  0.414E+11  0.272E+11
    595000   0.405  0.433E+11  0.313E+11
    596000   0.406  0.464E+11  0.365E+11
    597000   0.407  0.474E+11  0.374E+11
    598000   0.407  0.495E+11  0.374E+11
    599000   0.408  0.536E+11  0.393E+11
    600000   0.409  0.251E+11  0.114E+11
    601000   0.409 -0.502E+12 -0.506E+12
    602000   0.410 -0.603E+12 -0.611E+12
    603000   0.411 -0.474E+12 -0.470E+12
    604000   0.411 -0.251E+12 -0.230E+12
    605000   0.412  0.459E+11  0.303E+11
    606000   0.413  0.648E+11  0.506E+11
    607000   0.414  0.402E+11  0.450E+11
    608000   0.414  0.611E+11  0.755E+11
    609000   0.415  0.104E+12  0.139E+12
    610000   0.416  0.124E+12  0.162E+12
    611000   0.416  0.151E+12  0.175E+12
    612000   0.417  0.162E+12  0.174E+12
    613000   0.418  0.174E+12  0.180E+12
    614000   0.418  0.173E+12  0.181E+12
    615000   0.419  0.182E+12  0.197E+12
    616000   0.420  0.181E+12  0.204E+12
    617000   0.420 -0.291E+12 -0.218E+12
    618000   0.421 -0.552E+12 -0.553E+12
    619000   0.422 -0.487E+12 -0.481E+12
    620000   0.422 -0.364E+12 -0.348E+12
    621000   0.423 -0.104E+12 -0.116E+12
    622000   0.424  0.711E+10  0.109E+11
    623000   0.424  0.542E+11  0.116E+11
    624000   0.425  0.461E+11 -0.161E+11
    625000   0.426  0.790E+11  0.262E+11
    626000   0.426  0.805E+11  0.421E+11
    627000   0.427  0.815E+11  0.675E+11
    628000   0.428  0.746E+11  0.868E+11
    629000   0.429  0.751E+11  0.895E+11
    630000   0.429  0.688E+11  0.750E+11
    631000   0.430  0.639E+11  0.628E+11
    632000   0.431  0.766E+11  0.632E+11
    633000   0.431  0.792E+11  0.537E+11
    634000   0.432  0.744E+11  0.553E+11
    635000   0.433  0.648E+11  0.497E+11
    636000   0.433  0.596E+11  0.464E+11
    637000   0.434  0.527E+11  0.488E+11
    638000   0.435  0.520E+11  0.514E+11
    639000   0.435  0.456E+11  0.447E+11
    640000   0.436  0.361E+11  0.325E+11
    641000   0.437 -0.506E+12 -0.517E+12
    642000   0.437 -0.568E+12 -0.585E+12
    643000   0.438 -0.412E+12 -0.401E+12
    644000   0.439 -0.218E+12 -0.201E+12
    645000   0.439 -0.467E+11 -0.335E+11
    646000   0.440 -0.231E+11 -0.131E+11
    647000   0.441 -0.343E+11 -0.364E+11
    648000   0.441 -0.393E+11 -0.539E+11
    649000   0.442 -0.312E+11 -0.458E+11
    650000   0.443 -0.373E+11 -0.550E+11
    651000   0.444 -0.202E+11 -0.468E+11
    652000   0.444 -0.220E+11 -0.370E+11
    653000   0.445 -0.290E+11 -0.353E+11
    654000   0.446 -0.307E+11 -0.322E+11
    655000   0.446 -0.425E+11 -0.351E+11
    656000   0.447 -0.500E+11 -0.323E+11
    657000   0.448 -0.507E+11 -0.345E+11
    658000   0.448 -0.704E+11 -0.543E+11
    659000   0.449 -0.528E+12 -0.534E+12
    660000   0.450 -0.596E+12 -0.612E+12
    661000   0.450 -0.526E+12 -0.411E+12
    662000   0.451 -0.333E+12 -0.177E+12
    663000   0.452 -0.602E+11  0.939E+11
    664000   0.452 -0.628E+11  0.131E+12
    665000   0.453 -0.192E+11  0.801E+11
    666000   0.454  0.265E+11  0.629E+11
    667000   0.454  0.104E+12  0.108E+12
    668000   0.455  0.149E+12  0.100E+12
    669000   0.456  0.157E+12  0.120E+12
    670000   0.456  0.141E+12  0.136E+12
    671000   0.457  0.139E+12  0.162E+12
    672000   0.458  0.126E+12  0.179E+12
    673000   0.459  0.126E+12  0.187E+12
    674000   0.459  0.134E+12  0.183E+12
    675000   0.460  0.131E+12  0.146E+12
    676000   0.461 -0.471E+12 -0.453E+12
    677000   0.461 -0.565E+12 -0.579E+12
    678000   0.462 -0.511E+12 -0.411E+12
    679000   0.463 -0.351E+12 -0.265E+12
    680000   0.463 -0.623E+11 -0.959E+10
    681000   0.464 -0.419E+09  0.103E+11
    682000   0.465  0.217E+11  0.127E+11
    683000   0.465  0.104E+11 -0.295E+11
    684000   0.466  0.397E+11 -0.614E+10
    685000   0.467  0.343E+11  0.938E+10
    686000   0.467  0.398E+11  0.218E+11
    687000   0.468  0.330E+11  0.332E+11
    688000   0.469  0.185E+11  0.300E+11
    689000   0.469  0.403E+10  0.161E+11
    690000   0.470 -0.774E+10 -0.140E+10
    691000   0.471 -0.342E+10 -0.108E+11
    692000   0.471 -0.354E+10 -0.155E+11
    693000   0.472 -0.581E+10 -0.191E+11
    694000   0.473 -0.908E+10 -0.213E+11
    695000   0.473 -0.198E+11 -0.262E+11
    696000   0.474 -0.339E+11 -0.325E+11
    697000   0.475 -0.438E+11 -0.368E+11
    698000   0.476 -0.617E+11 -0.482E+11
    699000   0.476 -0.502E+12 -0.515E+12
    700000   0.477 -0.531E+12 -0.555E+12
    701000   0.478 -0.553E+12 -0.580E+12
    702000   0.478 -0.433E+12 -0.451E+12
    703000   0.479 -0.305E+12 -0.310E+12
    704000   0.480 -0.149E+12 -0.154E+12
    705000   0.480 -0.829E+11 -0.813E+11
    706000   0.481 -0.809E+11 -0.844E+11
    707000   0.482 -0.957E+11 -0.112E+12
    708000   0.482 -0.861E+11 -0.116E+12
    709000   0.483 -0.764E+11 -0.109E+12
    710000   0.484 -0.685E+11 -0.103E+12
    711000   0.484 -0.697E+11 -0.110E+12
    712000   0.485 -0.728E+11 -0.117E+12
    713000   0.486 -0.754E+11 -0.112E+12
    714000   0.486 -0.507E+12 -0.520E+12
    715000   0.487 -0.594E+12 -0.605E+12
    716000   0.488 -0.500E+12 -0.342E+12
    717000   0.488 -0.316E+12 -0.116E+12
    718000   0.489 -0.148E+12  0.446E+11
    719000   0.490 -0.130E+12  0.581E+11
    720000   0.491 -0.103E+12 -0.860E+10
    721000   0.491 -0.515E+11 -0.352E+11
    722000   0.492  0.164E+11 -0.438E+09
    723000   0.493  0.535E+11 -0.780E+09
    724000   0.493  0.614E+11  0.121E+11
    725000   0.494  0.449E+11  0.213E+11
    726000   0.495  0.376E+11  0.498E+11
    727000   0.495  0.316E+11  0.700E+11
    728000   0.496  0.308E+11  0.822E+11
    729000   0.497  0.411E+11  0.840E+11
    730000   0.497  0.405E+11  0.661E+11
    731000   0.498 -0.452E+12 -0.481E+12
    732000   0.499 -0.558E+12 -0.595E+12
    733000   0.499 -0.373E+12 -0.465E+12
    734000   0.500 -0.211E+12 -0.288E+12
    735000   0.501  0.696E+11  0.153E+11
    736000   0.501  0.879E+11  0.629E+11
    737000   0.502  0.752E+11  0.856E+11
    738000   0.503  0.353E+11  0.559E+11
    739000   0.503  0.646E+11  0.739E+11
    740000   0.504  0.884E+11  0.905E+11
    741000   0.505  0.102E+12  0.895E+11
    742000   0.506  0.123E+12  0.938E+11
    743000   0.506  0.118E+12  0.838E+11
    744000   0.507  0.115E+12  0.824E+11
    745000   0.508  0.104E+12  0.770E+11
    746000   0.508  0.101E+12  0.844E+11
    747000   0.509  0.103E+12  0.974E+11
    748000   0.510  0.953E+11  0.960E+11
    749000   0.510  0.938E+11  0.975E+11
    750000   0.511  0.913E+11  0.924E+11
    751000   0.512  0.728E+11  0.711E+11
    752000   0.512 -0.484E+12 -0.508E+12
    753000   0.513 -0.576E+12 -0.579E+12
    754000   0.514 -0.497E+12 -0.519E+12
    755000   0.514 -0.328E+12 -0.348E+12
    756000   0.515 -0.122E+12 -0.125E+12
    757000   0.516 -0.276E+10  0.102E+11
    758000   0.516  0.637E+10  0.217E+11
    759000   0.517 -0.331E+11 -0.149E+11
    760000   0.518 -0.288E+11 -0.237E+11
    761000   0.518 -0.171E+11 -0.168E+11
    762000   0.519 -0.127E+11 -0.225E+11
    763000   0.520  0.240E+10 -0.851E+10
    764000   0.521  0.365E+10 -0.522E+10
    765000   0.521  0.450E+09 -0.538E+10
    766000   0.522 -0.645E+10 -0.721E+10
    767000   0.523 -0.253E+11 -0.274E+11
    768000   0.523 -0.344E+11 -0.352E+11
    769000   0.524 -0.283E+11 -0.353E+11
    770000   0.525 -0.202E+11 -0.243E+11
    771000   0.525 -0.242E+11 -0.257E+11
    772000   0.526 -0.262E+11 -0.226E+11
    773000   0.527 -0.305E+11 -0.291E+11
    774000   0.527 -0.425E+11 -0.449E+11
    775000   0.528 -0.518E+12 -0.527E+12
    776000   0.529 -0.606E+12 -0.640E+12
    777000   0.529 -0.371E+12 -0.509E+12
    778000   0.530 -0.139E+12 -0.179E+12
    779000   0.531  0.506E+11  0.434E+11
    780000   0.531  0.786E+11  0.873E+11
    781000   0.532  0.200E+11  0.105E+12
    782000   0.533  0.338E+11  0.136E+12
    783000   0.533  0.106E+12  0.184E+12
    784000   0.534  0.148E+12  0.179E+12
    785000   0.535  0.189E+12  0.190E+12
    786000   0.535  0.218E+12  0.175E+12
    787000   0.536  0.236E+12  0.176E+12
    788000   0.537  0.228E+12  0.185E+12
    789000   0.538  0.224E+12  0.196E+12
    790000   0.538  0.210E+12  0.201E+12
    791000   0.539  0.204E+12  0.213E+12
    792000   0.540 -0.526E+12 -0.527E+12
    793000   0.540 -0.566E+12 -0.572E+12
    794000   0.541 -0.399E+12 -0.391E+12
    795000   0.542 -0.220E+12 -0.196E+12
    796000   0.542 -0.287E+11  0.658E+11
    797000   0.543  0.116E+10  0.769E+11
    798000   0.544  0.219E+11  0.811E+11
    799000   0.544 -0.247E+10  0.757E+11
    800000   0.545  0.449E+11  0.908E+11
    801000   0.546  0.753E+11  0.961E+11
    802000   0.546  0.896E+11  0.901E+11
    803000   0.547  0.113E+12  0.104E+12
    804000   0.548  0.114E+12  0.968E+11
    805000   0.548  0.107E+12  0.968E+11
    806000   0.549  0.998E+11  0.992E+11
    807000   0.550  0.901E+11  0.106E+12
    808000   0.550  0.692E+11  0.101E+12
    809000   0.551  0.662E+11  0.978E+11
    810000   0.552  0.759E+11  0.107E+12
    811000   0.553  0.774E+11  0.105E+12
    812000   0.553  0.782E+11  0.947E+11
    813000   0.554  0.869E+11  0.909E+11
    814000   0.555  0.689E+11  0.614E+11
    815000   0.555 -0.484E+12 -0.496E+12
    816000   0.556 -0.566E+12 -0.564E+12
    817000   0.557 -0.501E+12 -0.507E+12
    818000   0.557 -0.368E+12 -0.373E+12
    819000   0.558 -0.195E+12 -0.204E+12
    820000   0.559 -0.182E+11 -0.168E+11
    821000   0.559 -0.170E+11  0.421E+10
    822000   0.560 -0.511E+10 -0.216E+10
    823000   0.561 -0.457E+11 -0.319E+11
    824000   0.561 -0.556E+11 -0.455E+11
    825000   0.562 -0.499E+11 -0.474E+11
    826000   0.563 -0.474E+11 -0.622E+11
    827000   0.563 -0.492E+11 -0.687E+11
    828000   0.564 -0.402E+11 -0.600E+11
    829000   0.565 -0.405E+11 -0.555E+11
    830000   0.565 -0.526E+11 -0.604E+11
    831000   0.566 -0.615E+11 -0.698E+11
    832000   0.567 -0.685E+11 -0.761E+11
    833000   0.568 -0.983E+11 -0.106E+12
    834000   0.568 -0.496E+12 -0.499E+12
    835000   0.569 -0.618E+12 -0.614E+12
    836000   0.570 -0.372E+12 -0.562E+12
    837000   0.570 -0.196E+12 -0.474E+12
    838000   0.571  0.627E+11 -0.269E+12
    839000   0.572  0.905E+11 -0.208E+12
    840000   0.572  0.997E+11 -0.157E+12
    841000   0.573  0.204E+11 -0.106E+12
    842000   0.574 -0.246E+11 -0.325E+11
    843000   0.574 -0.182E+11  0.212E+11
    844000   0.575 -0.193E+11  0.612E+11
    845000   0.576 -0.106E+11  0.696E+11
    846000   0.576  0.392E+10  0.460E+11
    847000   0.577  0.306E+11  0.141E+11
    848000   0.578  0.535E+11 -0.770E+10
    849000   0.578  0.710E+11 -0.199E+11
    850000   0.579  0.442E+11 -0.411E+11
    851000   0.580 -0.466E+12 -0.468E+12
    852000   0.580 -0.563E+12 -0.531E+12
    853000   0.581 -0.491E+12 -0.490E+12
    854000   0.582 -0.404E+12 -0.407E+12
    855000   0.582 -0.220E+12 -0.240E+12
    856000   0.583 -0.381E+11 -0.357E+11
    857000   0.584 -0.570E+11 -0.600E+11
    858000   0.585 -0.307E+11 -0.470E+11
    859000   0.585 -0.605E+11 -0.578E+11
    860000   0.586 -0.622E+11 -0.475E+11
    861000   0.587 -0.363E+11 -0.278E+11
    862000   0.587 -0.401E+11 -0.313E+11
    863000   0.588 -0.369E+11 -0.192E+11
    864000   0.589 -0.248E+11 -0.192E+11
    865000   0.589 -0.274E+11 -0.318E+11
    866000   0.590 -0.204E+11 -0.313E+11
    867000   0.591 -0.120E+11 -0.264E+11
    868000   0.591 -0.111E+11 -0.290E+11
    869000   0.592 -0.123E+11 -0.299E+11
    870000   0.593 -0.161E+11 -0.274E+11
    871000   0.593 -0.412E+11 -0.442E+11
    872000   0.594 -0.426E+11 -0.385E+11
    873000   0.595 -0.429E+12 -0.403E+12
    874000   0.595 -0.528E+12 -0.512E+12
    875000   0.596 -0.540E+12 -0.537E+12
    876000   0.597 -0.420E+12 -0.439E+12
    877000   0.597 -0.317E+12 -0.372E+12
    878000   0.598 -0.181E+12 -0.229E+12
    879000   0.599 -0.218E+11 -0.736E+11
    880000   0.600 -0.482E+12 -0.466E+12
    881000   0.600 -0.558E+12 -0.541E+12
    882000   0.601 -0.541E+12 -0.513E+12
    883000   0.602 -0.304E+12 -0.346E+12
    884000   0.602 -0.754E+11 -0.130E+12
    885000   0.603  0.338E+11  0.565E+10
    886000   0.604  0.592E+11  0.378E+11
    887000   0.604  0.487E+11  0.414E+11
    888000   0.605  0.674E+11  0.795E+11
    889000   0.606  0.118E+12  0.134E+12
    890000   0.606  0.120E+12  0.144E+12
    891000   0.607  0.145E+12  0.169E+12
    892000   0.608  0.162E+12  0.174E+12
    893000   0.608  0.177E+12  0.185E+12
    894000   0.609  0.185E+12  0.188E+12
    895000   0.610  0.201E+12  0.193E+12
    896000   0.610  0.193E+12  0.191E+12
    897000   0.611 -0.519E+12 -0.516E+12
    898000   0.612 -0.581E+12 -0.584E+12
    899000   0.612 -0.405E+12 -0.420E+12
    900000   0.613 -0.234E+12 -0.256E+12
    901000   0.614  0.436E+11  0.553E+11
    902000   0.615  0.431E+11  0.902E+11
    903000   0.615  0.889E+11  0.114E+12
    904000   0.616  0.393E+11  0.749E+11
    905000   0.617  0.670E+11  0.884E+11
    906000   0.617  0.107E+12  0.943E+11
    907000   0.618  0.114E+12  0.858E+11
    908000   0.619  0.136E+12  0.104E+12
    909000   0.619  0.121E+12  0.971E+11
    910000   0.620  0.114E+12  0.973E+11
    911000   0.621  0.994E+11  0.944E+11
    912000   0.621  0.740E+11  0.919E+11
    913000   0.622  0.731E+11  0.921E+11
    914000   0.623  0.744E+11  0.948E+11
    915000   0.623  0.706E+11  0.944E+11
    916000   0.624  0.765E+11  0.832E+11
    917000   0.625  0.742E+11  0.692E+11
    918000   0.625  0.633E+11  0.538E+11
    919000   0.626 -0.486E+12 -0.493E+12
    920000   0.627 -0.569E+12 -0.563E+12
    921000   0.627 -0.504E+12 -0.498E+12
    922000   0.628 -0.367E+12 -0.357E+12
    923000   0.629 -0.178E+12 -0.184E+12
    924000   0.630 -0.138E+11 -0.132E+11
    925000   0.630 -0.170E+10  0.130E+10
    926000   0.631 -0.432E+10  0.202E+10
    927000   0.632 -0.391E+11 -0.150E+11
    928000   0.632 -0.412E+11 -0.136E+11
    929000   0.633 -0.273E+11 -0.653E+10
    930000   0.634 -0.315E+11 -0.997E+10
    931000   0.634 -0.156E+11 -0.918E+09
    932000   0.635 -0.540E+10 -0.730E+09
    933000   0.636 -0.999E+10 -0.773E+10
    934000   0.636 -0.762E+10 -0.132E+11
    935000   0.637 -0.123E+11 -0.202E+11
    936000   0.638 -0.177E+11 -0.224E+11
    937000   0.638 -0.183E+11 -0.166E+11
    938000   0.639 -0.198E+11 -0.146E+11
    939000   0.640 -0.177E+11 -0.129E+11
    940000   0.640 -0.184E+11 -0.116E+11
    941000   0.641 -0.198E+11 -0.140E+11
    942000   0.642 -0.189E+11 -0.174E+11
    943000   0.642 -0.176E+11 -0.189E+11
    944000   0.643 -0.198E+11 -0.179E+11
    945000   0.644 -0.195E+11 -0.214E+11
    946000   0.644 -0.247E+11 -0.225E+11
    947000   0.645 -0.259E+11 -0.215E+11
    948000   0.646 -0.271E+11 -0.201E+11
    949000   0.647 -0.286E+11 -0.177E+11
    950000   0.647 -0.339E+11 -0.197E+11
    951000   0.648 -0.331E+11 -0.242E+11
    952000   0.649 -0.307E+11 -0.241E+11
    953000   0.649 -0.292E+11 -0.230E+11
    954000   0.650 -0.268E+11 -0.215E+11
    955000   0.651 -0.253E+11 -0.227E+11
    956000   0.651 -0.248E+11 -0.224E+11
    957000   0.652 -0.273E+11 -0.221E+11
    958000   0.653 -0.329E+11 -0.249E+11
    959000   0.653 -0.368E+11 -0.282E+11
    960000   0.654 -0.113E+12 -0.103E+12
    961000   0.655 -0.506E+12 -0.500E+12
    962000   0.655 -0.643E+12 -0.630E+12
    963000   0.656 -0.422E+12 -0.509E+12
    964000   0.657 -0.180E+12 -0.328E+12
    965000   0.657  0.952E+11 -0.983E+11
    966000   0.658  0.117E+12 -0.808E+11
    967000   0.659  0.110E+12 -0.109E+12
    968000   0.659  0.102E+12 -0.894E+11
    969000   0.660  0.123E+12 -0.162E+11
    970000   0.661  0.118E+12  0.437E+11
    971000   0.662  0.924E+11  0.927E+11
    972000   0.662  0.770E+11  0.123E+12
    973000   0.663  0.657E+11  0.128E+12
    974000   0.664  0.607E+11  0.130E+12
    975000   0.664  0.681E+11  0.997E+11
    976000   0.665  0.860E+11  0.907E+11
    977000   0.666  0.840E+11  0.673E+11
    978000   0.666 -0.484E+12 -0.474E+12
    979000   0.667 -0.582E+12 -0.566E+12
    980000   0.668 -0.504E+12 -0.475E+12
    981000   0.668 -0.394E+12 -0.322E+12
    982000   0.669 -0.168E+12 -0.119E+12
    983000   0.670 -0.321E+11  0.292E+10
    984000   0.670 -0.502E+11 -0.187E+11
    985000   0.671 -0.407E+11 -0.331E+11
    986000   0.672 -0.539E+11 -0.575E+11
    987000   0.672 -0.178E+11 -0.306E+11
    988000   0.673 -0.194E+11 -0.351E+11
    989000   0.674 -0.173E+11 -0.359E+11
    990000   0.674 -0.197E+11 -0.254E+11
    991000   0.675 -0.323E+11 -0.312E+11
    992000   0.676 -0.428E+11 -0.496E+11
    993000   0.677 -0.575E+11 -0.676E+11
    994000   0.677 -0.575E+11 -0.665E+11
    995000   0.678 -0.535E+11 -0.620E+11
    996000   0.679 -0.649E+11 -0.721E+11
    997000   0.679 -0.655E+11 -0.704E+11
    998000   0.680 -0.732E+11 -0.751E+11
    999000   0.681 -0.742E+11 -0.763E+11
   1000000   0.681 -0.853E+11 -0.878E+11
   1001000   0.682 -0.981E+11 -0.913E+11
   1002000   0.683 -0.508E+12 -0.485E+12
   1003000   0.683 -0.605E+12 -0.598E+12
   1004000   0.684 -0.491E+12 -0.500E+12
   1005000   0.685 -0.366E+12 -0.398E+12
   1006000   0.685 -0.210E+12 -0.246E+12
   1007000   0.686 -0.785E+11 -0.123E+12
   1008000   0.687 -0.773E+11 -0.103E+12
   1009000   0.687 -0.946E+11 -0.981E+11
   1010000   0.688 -0.110E+12 -0.846E+11
   1011000   0.689 -0.115E+12 -0.872E+11
   1012000   0.689 -0.106E+12 -0.834E+11
   1013000   0.690 -0.973E+11 -0.679E+11
   1014000   0.691 -0.808E+11 -0.667E+11
   1015000   0.692 -0.644E+11 -0.640E+11
   1016000   0.692 -0.557E+11 -0.649E+11
   1017000   0.693 -0.514E+11 -0.620E+11
   1018000   0.694 -0.497E+11 -0.602E+11
   1019000   0.694 -0.475E+11 -0.520E+11
   1020000   0.695 -0.512E+11 -0.504E+11
   1021000   0.696 -0.568E+11 -0.512E+11
   1022000   0.696 -0.474E+11 -0.402E+11
   1023000   0.697 -0.357E+11 -0.308E+11
   1024000   0.698 -0.336E+11 -0.297E+11
   1025000   0.698 -0.336E+11 -0.243E+11
   1026000   0.699 -0.231E+11 -0.214E+11
   1027000   0.700 -0.211E+11 -0.202E+11
   1028000   0.700 -0.218E+11 -0.178E+11
   1029000   0.701 -0.140E+11 -0.121E+11
   1030000   0.702 -0.140E+11 -0.124E+11
   1031000   0.702 -0.164E+11 -0.151E+11
   1032000   0.703 -0.131E+11 -0.128E+11
   1033000   0.704 -0.104E+11 -0.124E+11
   1034000   0.704 -0.120E+11 -0.124E+11
   1035000   0.705 -0.124E+11 -0.103E+11
   1036000   0.706 -0.995E+10 -0.718E+10
   1037000   0.706 -0.150E+11 -0.108E+11
   1038000   0.707 -0.168E+11 -0.125E+11
   1039000   0.708 -0.502E+11 -0.488E+11
   1040000   0.709 -0.463E+12 -0.468E+12
   1041000   0.709 -0.568E+12 -0.568E+12
   1042000   0.710 -0.466E+12 -0.511E+12
   1043000   0.711 -0.326E+12 -0.374E+12
   1044000   0.711 -0.178E+12 -0.213E+12
   1045000   0.712  0.144E+11 -0.241E+11
   1046000   0.713  0.646E+11  0.308E+11
   1047000   0.713  0.320E+11  0.144E+11
   1048000   0.714  0.245E+11  0.353E+10
   1049000   0.715  0.188E+11  0.210E+10
   1050000   0.715  0.281E+11  0.634E+10
   1051000   0.716  0.385E+11  0.988E+10
   1052000   0.717  0.431E+11  0.108E+11
   1053000   0.717  0.506E+11  0.841E+10
   1054000   0.718  0.533E+11  0.386E+10
   1055000   0.719  0.521E+11 -0.299E+10
   1056000   0.719  0.602E+11  0.280E+10
   1057000   0.720  0.560E+11  0.768E+09
   1058000   0.721 -0.238E+11 -0.531E+11
   1059000   0.721 -0.524E+12 -0.532E+12
   1060000   0.722 -0.590E+12 -0.598E+12
   1061000   0.723 -0.614E+12 -0.534E+12
   1062000   0.724 -0.475E+12 -0.260E+12
   1063000   0.724 -0.171E+12 -0.476E+10
   1064000   0.725  0.324E+11  0.834E+11
   1065000   0.726  0.881E+11  0.954E+11
   1066000   0.726  0.129E+12  0.332E+11
   1067000   0.727  0.187E+12  0.117E+11
   1068000   0.728  0.235E+12  0.848E+11
   1069000   0.728  0.226E+12  0.140E+12
   1070000   0.729  0.226E+12  0.191E+12
   1071000   0.730  0.193E+12  0.237E+12
   1072000   0.730  0.167E+12  0.277E+12
   1073000   0.731  0.171E+12  0.278E+12
   1074000   0.732  0.184E+12  0.282E+12
   1075000   0.732  0.205E+12  0.255E+12
   1076000   0.733 -0.555E+11  0.253E+11
   1077000   0.734 -0.535E+12 -0.536E+12
   1078000   0.734 -0.595E+12 -0.595E+12
   1079000   0.735 -0.462E+12 -0.459E+12
   1080000   0.736 -0.242E+12 -0.277E+12
   1081000   0.736  0.336E+11 -0.202E+11
   1082000   0.737  0.328E+11  0.314E+11
   1083000   0.738  0.251E+11  0.546E+11
   1084000   0.739 -0.206E+11  0.626E+11
   1085000   0.739  0.158E+11  0.110E+12
   1086000   0.740  0.556E+11  0.110E+12
   1087000   0.741  0.734E+11  0.895E+11
   1088000   0.741  0.906E+11  0.827E+11
   1089000   0.742  0.108E+12  0.637E+11
   1090000   0.743  0.113E+12  0.533E+11
   1091000   0.743  0.967E+11  0.494E+11
   1092000   0.744  0.635E+11  0.505E+11
   1093000   0.745  0.587E+11  0.681E+11
   1094000   0.745  0.609E+11  0.892E+11
   1095000   0.746  0.592E+11  0.912E+11
   1096000   0.747  0.563E+11  0.851E+11
   1097000   0.747  0.528E+11  0.702E+11
   1098000   0.748  0.595E+11  0.632E+11
   1099000   0.749  0.661E+11  0.577E+11
   1100000   0.749  0.663E+11  0.525E+11
   1101000   0.750  0.572E+11  0.400E+11
   1102000   0.751 -0.444E+12 -0.444E+12
   1103000   0.751 -0.575E+12 -0.575E+12
   1104000   0.752 -0.559E+12 -0.562E+12
   1105000   0.753 -0.369E+12 -0.371E+12
   1106000   0.754 -0.194E+12 -0.203E+12
   1107000   0.754 -0.998E+10 -0.258E+11
   1108000   0.755 -0.217E+11 -0.131E+11
   1109000   0.756 -0.129E+11 -0.410E+10
   1110000   0.756 -0.476E+11 -0.350E+11
   1111000   0.757 -0.542E+11 -0.423E+11
   1112000   0.758 -0.534E+11 -0.367E+11
   1113000   0.758 -0.528E+11 -0.416E+11
   1114000   0.759 -0.386E+11 -0.344E+11
   1115000   0.760 -0.421E+11 -0.459E+11
   1116000   0.760 -0.524E+11 -0.559E+11
   1117000   0.761 -0.753E+11 -0.623E+11
   1118000   0.762 -0.887E+11 -0.653E+11
   1119000   0.762 -0.924E+11 -0.639E+11
   1120000   0.763 -0.960E+11 -0.810E+11
   1121000   0.764 -0.899E+11 -0.793E+11
   1122000   0.764 -0.916E+11 -0.902E+11
   1123000   0.765 -0.853E+11 -0.915E+11
   1124000   0.766 -0.875E+11 -0.102E+12
   1125000   0.766 -0.898E+11 -0.108E+12
   1126000   0.767 -0.130E+12 -0.150E+12
   1127000   0.768 -0.511E+12 -0.515E+12
   1128000   0.768 -0.647E+12 -0.647E+12
   1129000   0.769 -0.513E+12 -0.539E+12
   1130000   0.770 -0.399E+12 -0.325E+12
   1131000   0.771 -0.180E+12 -0.319E+11
   1132000   0.771 -0.126E+12  0.166E+11
   1133000   0.772 -0.891E+11  0.379E+11
   1134000   0.773 -0.106E+12  0.290E+10
   1135000   0.773 -0.459E+11 -0.575E+10
   1136000   0.774  0.217E+11  0.198E+11
   1137000   0.775  0.549E+11  0.120E+11
   1138000   0.775  0.763E+11  0.169E+11
   1139000   0.776  0.634E+11  0.853E+10
   1140000   0.777  0.505E+11  0.153E+11
   1141000   0.777  0.375E+11  0.275E+11
   1142000   0.778  0.139E+11  0.302E+11
   1143000   0.779  0.519E+10  0.345E+11
   1144000   0.779 -0.960E+10  0.171E+11
   1145000   0.780 -0.481E+12 -0.486E+12
   1146000   0.781 -0.585E+12 -0.596E+12
   1147000   0.781 -0.475E+12 -0.493E+12
   1148000   0.782 -0.327E+12 -0.377E+12
   1149000   0.783 -0.118E+12 -0.160E+12
   1150000   0.783 -0.462E+11 -0.594E+11
   1151000   0.784 -0.721E+11 -0.714E+11
   1152000   0.785 -0.830E+11 -0.402E+11
   1153000   0.786 -0.106E+12 -0.483E+11
   1154000   0.786 -0.956E+11 -0.247E+11
   1155000   0.787 -0.773E+11 -0.282E+11
   1156000   0.788 -0.603E+11 -0.291E+11
   1157000   0.788 -0.461E+11 -0.321E+11
   1158000   0.789 -0.291E+11 -0.438E+11
   1159000   0.790 -0.364E+11 -0.556E+11
   1160000   0.790 -0.380E+11 -0.672E+11
   1161000   0.791 -0.364E+11 -0.743E+11
   1162000   0.792 -0.376E+11 -0.622E+11
   1163000   0.792 -0.426E+11 -0.410E+11
   1164000   0.793 -0.477E+11 -0.372E+11
   1165000   0.794 -0.625E+11 -0.363E+11
   1166000   0.794 -0.641E+11 -0.384E+11
   1167000   0.795 -0.417E+12 -0.380E+12
   1168000   0.796 -0.484E+12 -0.477E+12
   1169000   0.796 -0.590E+12 -0.577E+12
   1170000   0.797 -0.461E+12 -0.464E+12
   1171000   0.798 -0.353E+12 -0.363E+12
   1172000   0.798 -0.220E+12 -0.261E+12
   1173000   0.799 -0.374E+11 -0.921E+11
   1174000   0.800 -0.103E+10 -0.112E+11
   1175000   0.801  0.192E+10  0.134E+10
   1176000   0.801 -0.448E+12 -0.441E+12
   1177000   0.802 -0.504E+12 -0.508E+12
   1178000   0.803 -0.600E+12 -0.587E+12
   1179000   0.803 -0.459E+12 -0.453E+12
   1180000   0.804 -0.294E+12 -0.227E+12
   1181000   0.805 -0.431E+11  0.585E+11
   1182000   0.805  0.106E+12  0.185E+12
   1183000   0.806  0.151E+12  0.201E+12
   1184000   0.807  0.168E+12  0.158E+12
   1185000   0.807  0.192E+12  0.126E+12
   1186000   0.808  0.260E+12  0.148E+12
   1187000   0.809  0.292E+12  0.182E+12
   1188000   0.809  0.309E+12  0.198E+12
   1189000   0.810  0.308E+12  0.231E+12
   1190000   0.811  0.300E+12  0.260E+12
   1191000   0.811  0.276E+12  0.284E+12
   1192000   0.812  0.271E+12  0.290E+12
   1193000   0.813 -0.459E+12 -0.456E+12
   1194000   0.813 -0.562E+12 -0.584E+12
   1195000   0.814 -0.438E+12 -0.476E+12
   1196000   0.815 -0.299E+12 -0.391E+12
   1197000   0.815 -0.139E+12 -0.216E+12
   1198000   0.816  0.119E+12  0.270E+11
   1199000   0.817  0.162E+12  0.897E+11
   1200000   0.818  0.160E+12  0.120E+12
   1201000   0.818  0.123E+12  0.115E+12
   1202000   0.819  0.977E+11  0.111E+12
   1203000   0.820  0.121E+12  0.152E+12
   1204000   0.820  0.117E+12  0.143E+12
   1205000   0.821  0.123E+12  0.144E+12
   1206000   0.822  0.139E+12  0.144E+12
   1207000   0.822  0.149E+12  0.130E+12
   1208000   0.823  0.155E+12  0.117E+12
   1209000   0.824  0.150E+12  0.997E+11
   1210000   0.824  0.141E+12  0.854E+11
   1211000   0.825  0.134E+12  0.861E+11
   1212000   0.826  0.132E+12  0.944E+11
   1213000   0.826  0.123E+12  0.953E+11
   1214000   0.827  0.838E+11  0.774E+11
   1215000   0.828  0.808E+11  0.762E+11
   1216000   0.828 -0.474E+12 -0.464E+12
   1217000   0.829 -0.575E+12 -0.563E+12
   1218000   0.830 -0.451E+12 -0.462E+12
   1219000   0.830 -0.305E+12 -0.346E+12
   1220000   0.831 -0.166E+12 -0.178E+12
   1221000   0.832  0.442E+11  0.207E+11
   1222000   0.833  0.555E+11  0.488E+11
   1223000   0.833  0.596E+11  0.787E+11
   1224000   0.834  0.538E+11  0.691E+11
   1225000   0.835  0.323E+11  0.506E+11
   1226000   0.835  0.322E+11  0.593E+11
   1227000   0.836  0.468E+11  0.642E+11
   1228000   0.837  0.474E+11  0.517E+11
   1229000   0.837  0.647E+11  0.596E+11
   1230000   0.838  0.702E+11  0.619E+11
   1231000   0.839  0.656E+11  0.533E+11
   1232000   0.839  0.595E+11  0.486E+11
   1233000   0.840  0.550E+11  0.527E+11
   1234000   0.841  0.467E+11  0.512E+11
   1235000   0.841  0.439E+11  0.530E+11
   1236000   0.842  0.434E+11  0.553E+11
   1237000   0.843  0.414E+11  0.581E+11
   1238000   0.843  0.368E+11  0.537E+11
   1239000   0.844  0.384E+11  0.513E+11
   1240000   0.845  0.405E+11  0.485E+11
   1241000   0.845  0.408E+11  0.463E+11
   1242000   0.846  0.403E+11  0.434E+11
   1243000   0.847  0.206E+11  0.375E+11
   1244000   0.848 -0.672E+10  0.360E+11
   1245000   0.848 -0.187E+11  0.423E+11
   1246000   0.849 -0.185E+11  0.465E+11
   1247000   0.850 -0.168E+11  0.482E+11
   1248000   0.850 -0.107E+11  0.460E+11
   1249000   0.851  0.408E+10  0.419E+11
   1250000   0.852  0.108E+11  0.337E+11
   1251000   0.852  0.135E+11  0.189E+11
   1252000   0.853  0.143E+11  0.872E+10
   1253000   0.854  0.209E+10  0.350E+10
   1254000   0.854 -0.270E+11 -0.255E+11
   1255000   0.855 -0.400E+11 -0.448E+11
   1256000   0.856 -0.477E+12 -0.478E+12
   1257000   0.856 -0.538E+12 -0.528E+12
   1258000   0.857 -0.602E+12 -0.604E+12
   1259000   0.858 -0.492E+12 -0.505E+12
   1260000   0.858 -0.377E+12 -0.387E+12
   1261000   0.859 -0.261E+12 -0.278E+12
   1262000   0.860 -0.138E+12 -0.147E+12
   1263000   0.860 -0.411E+11 -0.665E+11
   1264000   0.861 -0.825E+11 -0.825E+11
   1265000   0.862 -0.533E+12 -0.522E+12
   1266000   0.863 -0.625E+12 -0.642E+12
   1267000   0.863 -0.386E+12 -0.419E+12
   1268000   0.864 -0.173E+12 -0.125E+12
   1269000   0.865 -0.844E+11  0.441E+11
   1270000   0.865 -0.635E+11  0.522E+11
   1271000   0.866 -0.636E+11  0.438E+11
   1272000   0.867 -0.152E+11  0.532E+11
   1273000   0.867  0.607E+11  0.764E+11
   1274000   0.868  0.890E+11  0.721E+11
   1275000   0.869  0.992E+11  0.485E+11
   1276000   0.869  0.868E+11  0.496E+11
   1277000   0.870  0.836E+11  0.697E+11
   1278000   0.871  0.724E+11  0.826E+11
   1279000   0.871  0.618E+11  0.935E+11
   1280000   0.872  0.541E+11  0.101E+12
   1281000   0.873  0.306E+11  0.814E+11
   1282000   0.873 -0.513E+12 -0.506E+12
   1283000   0.874 -0.609E+12 -0.607E+12
   1284000   0.875 -0.410E+12 -0.426E+12
   1285000   0.875 -0.248E+12 -0.242E+12
   1286000   0.876 -0.159E+11 -0.203E+11
   1287000   0.877 -0.628E+11 -0.610E+11
   1288000   0.877 -0.286E+11 -0.391E+11
   1289000   0.878 -0.374E+11 -0.511E+11
   1290000   0.879 -0.114E+11 -0.244E+11
   1291000   0.880  0.313E+08 -0.776E+10
   1292000   0.880 -0.157E+11 -0.135E+11
   1293000   0.881 -0.189E+11 -0.571E+10
   1294000   0.882 -0.466E+11 -0.196E+11
   1295000   0.882 -0.479E+11 -0.195E+11
   1296000   0.883 -0.513E+11 -0.280E+11
   1297000   0.884 -0.511E+11 -0.302E+11
   1298000   0.884 -0.447E+11 -0.363E+11
   1299000   0.885 -0.496E+11 -0.415E+11
   1300000   0.886 -0.456E+11 -0.458E+11
   1301000   0.886 -0.511E+11 -0.524E+11
   1302000   0.887 -0.489E+11 -0.439E+11
   1303000   0.888 -0.895E+11 -0.768E+11
   1304000   0.888 -0.542E+12 -0.532E+12
   1305000   0.889 -0.626E+12 -0.618E+12
   1306000   0.890 -0.441E+12 -0.444E+12
   1307000   0.890 -0.291E+12 -0.298E+12
   1308000   0.891 -0.915E+11 -0.111E+12
   1309000   0.892 -0.418E+11 -0.578E+11
   1310000   0.892 -0.641E+11 -0.657E+11
   1311000   0.893 -0.715E+11 -0.608E+11
   1312000   0.894 -0.643E+11 -0.469E+11
   1313000   0.895 -0.586E+11 -0.475E+11
   1314000   0.895 -0.490E+11 -0.448E+11
   1315000   0.896 -0.237E+11 -0.293E+11
   1316000   0.897 -0.128E+11 -0.276E+11
   1317000   0.897 -0.953E+10 -0.254E+11
   1318000   0.898 -0.624E+10 -0.242E+11
   1319000   0.899 -0.384E+10 -0.210E+11
   1320000   0.899  0.591E+10 -0.615E+10
   1321000   0.900  0.595E+10  0.443E+10
   1322000   0.901  0.845E+10  0.119E+11
   1323000   0.901  0.129E+11  0.201E+11
   1324000   0.902  0.129E+11  0.236E+11
   1325000   0.903  0.140E+11  0.241E+11
   1326000   0.903  0.179E+11  0.234E+11
   1327000   0.904  0.214E+11  0.227E+11
   1328000   0.905  0.246E+11  0.238E+11
   1329000   0.905  0.283E+11  0.244E+11
   1330000   0.906  0.318E+11  0.255E+11
   1331000   0.907  0.328E+11  0.274E+11
   1332000   0.907  0.336E+11  0.291E+11
   1333000   0.908  0.334E+11  0.316E+11
   1334000   0.909  0.312E+11  0.322E+11
   1335000   0.910  0.284E+11  0.313E+11
   1336000   0.910  0.315E+11  0.322E+11
   1337000   0.911  0.332E+11  0.331E+11
   1338000   0.912  0.375E+11  0.324E+11
